%Mat Object:() 1 MPI processes
%  type: seqaij
% Size = 79 79 
% Nonzeros = 1282 
zzz = zeros(1282,3);
zzz = [
1 1  2.0000000000000000e+00
1 2  0.0000000000000000e+00
1 3  0.0000000000000000e+00
1 4  0.0000000000000000e+00
1 5  0.0000000000000000e+00
1 6  0.0000000000000000e+00
1 7  0.0000000000000000e+00
1 8  0.0000000000000000e+00
1 9  0.0000000000000000e+00
1 19  0.0000000000000000e+00
1 20  0.0000000000000000e+00
1 21  0.0000000000000000e+00
2 1  0.0000000000000000e+00
2 2  2.0000000000000000e+00
2 3  0.0000000000000000e+00
2 4  0.0000000000000000e+00
2 5  0.0000000000000000e+00
2 6  0.0000000000000000e+00
2 7  0.0000000000000000e+00
2 8  0.0000000000000000e+00
2 9  0.0000000000000000e+00
2 19  0.0000000000000000e+00
2 20  0.0000000000000000e+00
2 21  0.0000000000000000e+00
3 1  0.0000000000000000e+00
3 2  0.0000000000000000e+00
3 3  -2.0345052083333335e-03
3 4  0.0000000000000000e+00
3 5  0.0000000000000000e+00
3 6  1.0172526041666667e-03
3 7  -4.1666666666666671e-02
3 8  -4.1666666666666671e-02
3 9  0.0000000000000000e+00
3 19  0.0000000000000000e+00
3 20  0.0000000000000000e+00
3 21  1.0172526041666667e-03
4 1  0.0000000000000000e+00
4 2  0.0000000000000000e+00
4 3  0.0000000000000000e+00
4 4  3.0000000000000000e+00
4 5  0.0000000000000000e+00
4 6  0.0000000000000000e+00
4 7  0.0000000000000000e+00
4 8  0.0000000000000000e+00
4 9  0.0000000000000000e+00
4 10  0.0000000000000000e+00
4 11  0.0000000000000000e+00
4 12  0.0000000000000000e+00
4 13  0.0000000000000000e+00
4 14  0.0000000000000000e+00
4 15  0.0000000000000000e+00
5 1  0.0000000000000000e+00
5 2  0.0000000000000000e+00
5 3  0.0000000000000000e+00
5 4  0.0000000000000000e+00
5 5  3.0000000000000000e+00
5 6  0.0000000000000000e+00
5 7  0.0000000000000000e+00
5 8  0.0000000000000000e+00
5 9  0.0000000000000000e+00
5 10  0.0000000000000000e+00
5 11  0.0000000000000000e+00
5 12  0.0000000000000000e+00
5 13  0.0000000000000000e+00
5 14  0.0000000000000000e+00
5 15  0.0000000000000000e+00
6 1  0.0000000000000000e+00
6 2  0.0000000000000000e+00
6 3  1.0172526041666667e-03
6 4  0.0000000000000000e+00
6 5  0.0000000000000000e+00
6 6  -4.0690104166666670e-03
6 7  4.1666666666666671e-02
6 8  -8.3333333333333343e-02
6 9  2.0345052083333335e-03
6 10  0.0000000000000000e+00
6 11  0.0000000000000000e+00
6 12  1.0172526041666667e-03
6 13  -4.1666666666666671e-02
6 14  -4.1666666666666671e-02
6 15  0.0000000000000000e+00
7 1  0.0000000000000000e+00
7 2  0.0000000000000000e+00
7 3  -4.1666666666666671e-02
7 4  0.0000000000000000e+00
7 5  0.0000000000000000e+00
7 6  4.1666666666666671e-02
7 7  3.9999999999999996e+00
7 8  0.0000000000000000e+00
7 9  0.0000000000000000e+00
7 13  -9.9999999999999989e-01
7 14  0.0000000000000000e+00
7 15  8.3333333333333343e-02
7 16  0.0000000000000000e+00
7 17  0.0000000000000000e+00
7 18  4.1666666666666671e-02
7 19  0.0000000000000000e+00
7 20  0.0000000000000000e+00
7 21  -8.3333333333333343e-02
7 22  -9.9999999999999989e-01
7 23  0.0000000000000000e+00
7 24  -4.1666666666666671e-02
8 1  0.0000000000000000e+00
8 2  0.0000000000000000e+00
8 3  -4.1666666666666671e-02
8 4  0.0000000000000000e+00
8 5  0.0000000000000000e+00
8 6  -8.3333333333333343e-02
8 7  0.0000000000000000e+00
8 8  3.9999999999999996e+00
8 9  0.0000000000000000e+00
8 13  0.0000000000000000e+00
8 14  -9.9999999999999989e-01
8 15  -4.1666666666666671e-02
8 16  0.0000000000000000e+00
8 17  0.0000000000000000e+00
8 18  4.1666666666666671e-02
8 19  0.0000000000000000e+00
8 20  0.0000000000000000e+00
8 21  4.1666666666666671e-02
8 22  0.0000000000000000e+00
8 23  -9.9999999999999989e-01
8 24  8.3333333333333343e-02
9 1  0.0000000000000000e+00
9 2  0.0000000000000000e+00
9 3  0.0000000000000000e+00
9 4  0.0000000000000000e+00
9 5  0.0000000000000000e+00
9 6  2.0345052083333335e-03
9 7  0.0000000000000000e+00
9 8  0.0000000000000000e+00
9 9  -8.1380208333333339e-03
9 13  -8.3333333333333343e-02
9 14  4.1666666666666671e-02
9 15  2.0345052083333335e-03
9 16  -4.1666666666666671e-02
9 17  -4.1666666666666671e-02
9 18  0.0000000000000000e+00
9 19  0.0000000000000000e+00
9 20  0.0000000000000000e+00
9 21  2.0345052083333335e-03
9 22  4.1666666666666671e-02
9 23  -8.3333333333333343e-02
9 24  2.0345052083333335e-03
10 4  0.0000000000000000e+00
10 5  0.0000000000000000e+00
10 6  0.0000000000000000e+00
10 10  3.0000000000000000e+00
10 11  0.0000000000000000e+00
10 12  0.0000000000000000e+00
10 13  0.0000000000000000e+00
10 14  0.0000000000000000e+00
10 15  0.0000000000000000e+00
10 28  0.0000000000000000e+00
10 29  0.0000000000000000e+00
10 30  0.0000000000000000e+00
10 31  0.0000000000000000e+00
10 32  0.0000000000000000e+00
10 33  0.0000000000000000e+00
11 4  0.0000000000000000e+00
11 5  0.0000000000000000e+00
11 6  0.0000000000000000e+00
11 10  0.0000000000000000e+00
11 11  3.0000000000000000e+00
11 12  0.0000000000000000e+00
11 13  0.0000000000000000e+00
11 14  0.0000000000000000e+00
11 15  0.0000000000000000e+00
11 28  0.0000000000000000e+00
11 29  0.0000000000000000e+00
11 30  0.0000000000000000e+00
11 31  0.0000000000000000e+00
11 32  0.0000000000000000e+00
11 33  0.0000000000000000e+00
12 4  0.0000000000000000e+00
12 5  0.0000000000000000e+00
12 6  1.0172526041666667e-03
12 10  0.0000000000000000e+00
12 11  0.0000000000000000e+00
12 12  -4.0690104166666670e-03
12 13  4.1666666666666671e-02
12 14  -8.3333333333333343e-02
12 15  2.0345052083333335e-03
12 28  0.0000000000000000e+00
12 29  0.0000000000000000e+00
12 30  1.0172526041666667e-03
12 31  -4.1666666666666671e-02
12 32  -4.1666666666666671e-02
12 33  0.0000000000000000e+00
13 4  0.0000000000000000e+00
13 5  0.0000000000000000e+00
13 6  -4.1666666666666671e-02
13 7  -9.9999999999999989e-01
13 8  0.0000000000000000e+00
13 9  -8.3333333333333343e-02
13 10  0.0000000000000000e+00
13 11  0.0000000000000000e+00
13 12  4.1666666666666671e-02
13 13  3.9999999999999996e+00
13 14  0.0000000000000000e+00
13 15  0.0000000000000000e+00
13 16  -9.9999999999999989e-01
13 17  0.0000000000000000e+00
13 18  -4.1666666666666671e-02
13 31  -9.9999999999999989e-01
13 32  0.0000000000000000e+00
13 33  8.3333333333333343e-02
13 43  0.0000000000000000e+00
13 44  0.0000000000000000e+00
13 45  4.1666666666666671e-02
14 4  0.0000000000000000e+00
14 5  0.0000000000000000e+00
14 6  -4.1666666666666671e-02
14 7  0.0000000000000000e+00
14 8  -9.9999999999999989e-01
14 9  4.1666666666666671e-02
14 10  0.0000000000000000e+00
14 11  0.0000000000000000e+00
14 12  -8.3333333333333343e-02
14 13  0.0000000000000000e+00
14 14  3.9999999999999996e+00
14 15  0.0000000000000000e+00
14 16  0.0000000000000000e+00
14 17  -9.9999999999999989e-01
14 18  8.3333333333333343e-02
14 31  0.0000000000000000e+00
14 32  -9.9999999999999989e-01
14 33  -4.1666666666666671e-02
14 43  0.0000000000000000e+00
14 44  0.0000000000000000e+00
14 45  4.1666666666666671e-02
15 4  0.0000000000000000e+00
15 5  0.0000000000000000e+00
15 6  0.0000000000000000e+00
15 7  8.3333333333333343e-02
15 8  -4.1666666666666671e-02
15 9  2.0345052083333335e-03
15 10  0.0000000000000000e+00
15 11  0.0000000000000000e+00
15 12  2.0345052083333335e-03
15 13  0.0000000000000000e+00
15 14  0.0000000000000000e+00
15 15  -8.1380208333333339e-03
15 16  4.1666666666666671e-02
15 17  -8.3333333333333343e-02
15 18  2.0345052083333335e-03
15 31  -8.3333333333333343e-02
15 32  4.1666666666666671e-02
15 33  2.0345052083333335e-03
15 43  -4.1666666666666671e-02
15 44  -4.1666666666666671e-02
15 45  0.0000000000000000e+00
16 7  0.0000000000000000e+00
16 8  0.0000000000000000e+00
16 9  -4.1666666666666671e-02
16 13  -9.9999999999999989e-01
16 14  0.0000000000000000e+00
16 15  4.1666666666666671e-02
16 16  3.9999999999999996e+00
16 17  0.0000000000000000e+00
16 18  0.0000000000000000e+00
16 22  -9.9999999999999989e-01
16 23  0.0000000000000000e+00
16 24  -8.3333333333333343e-02
16 43  -9.9999999999999989e-01
16 44  0.0000000000000000e+00
16 45  8.3333333333333343e-02
16 49  -9.9999999999999989e-01
16 50  0.0000000000000000e+00
