%Mat Object:() 1 MPI processes
%  type: seqaij
% Size = 31 31 
% Nonzeros = 394 
zzz = zeros(394,3);
zzz = [
1 1  2.0000000000000000e+00
1 2  0.0000000000000000e+00
1 3  0.0000000000000000e+00
1 4  0.0000000000000000e+00
1 5  0.0000000000000000e+00
1 6  0.0000000000000000e+00
1 7  0.0000000000000000e+00
1 8  0.0000000000000000e+00
1 9  0.0000000000000000e+00
1 10  0.0000000000000000e+00
1 11  0.0000000000000000e+00
1 12  0.0000000000000000e+00
2 1  0.0000000000000000e+00
2 2  2.0000000000000000e+00
2 3  0.0000000000000000e+00
2 4  0.0000000000000000e+00
2 5  0.0000000000000000e+00
2 6  0.0000000000000000e+00
2 7  0.0000000000000000e+00
2 8  0.0000000000000000e+00
2 9  0.0000000000000000e+00
2 10  0.0000000000000000e+00
2 11  0.0000000000000000e+00
2 12  0.0000000000000000e+00
3 1  0.0000000000000000e+00
3 2  0.0000000000000000e+00
3 3  -8.1380208333333339e-03
3 4  0.0000000000000000e+00
3 5  0.0000000000000000e+00
3 6  4.0690104166666670e-03
3 7  -8.3333333333333343e-02
3 8  -8.3333333333333343e-02
3 9  0.0000000000000000e+00
3 10  0.0000000000000000e+00
3 11  0.0000000000000000e+00
3 12  4.0690104166666670e-03
4 1  0.0000000000000000e+00
4 2  0.0000000000000000e+00
4 3  0.0000000000000000e+00
4 4  3.0000000000000000e+00
4 5  0.0000000000000000e+00
4 6  0.0000000000000000e+00
4 7  0.0000000000000000e+00
4 8  0.0000000000000000e+00
4 9  0.0000000000000000e+00
4 13  0.0000000000000000e+00
4 14  0.0000000000000000e+00
4 15  0.0000000000000000e+00
4 16  0.0000000000000000e+00
4 17  0.0000000000000000e+00
4 18  0.0000000000000000e+00
5 1  0.0000000000000000e+00
5 2  0.0000000000000000e+00
5 3  0.0000000000000000e+00
5 4  0.0000000000000000e+00
5 5  3.0000000000000000e+00
5 6  0.0000000000000000e+00
5 7  0.0000000000000000e+00
5 8  0.0000000000000000e+00
5 9  0.0000000000000000e+00
5 13  0.0000000000000000e+00
5 14  0.0000000000000000e+00
5 15  0.0000000000000000e+00
5 16  0.0000000000000000e+00
5 17  0.0000000000000000e+00
5 18  0.0000000000000000e+00
6 1  0.0000000000000000e+00
6 2  0.0000000000000000e+00
6 3  4.0690104166666670e-03
6 4  0.0000000000000000e+00
6 5  0.0000000000000000e+00
6 6  -1.6276041666666668e-02
6 7  8.3333333333333343e-02
6 8  -1.6666666666666669e-01
6 9  8.1380208333333339e-03
6 13  0.0000000000000000e+00
6 14  0.0000000000000000e+00
6 15  4.0690104166666670e-03
6 16  -8.3333333333333343e-02
6 17  -8.3333333333333343e-02
6 18  0.0000000000000000e+00
6 28  0.0000000000000000e+00
7 1  0.0000000000000000e+00
7 2  0.0000000000000000e+00
7 3  -8.3333333333333343e-02
7 4  0.0000000000000000e+00
7 5  0.0000000000000000e+00
7 6  8.3333333333333343e-02
7 7  3.9999999999999996e+00
7 8  0.0000000000000000e+00
7 9  0.0000000000000000e+00
7 10  0.0000000000000000e+00
7 11  0.0000000000000000e+00
7 12  -1.6666666666666669e-01
7 16  -9.9999999999999989e-01
7 17  0.0000000000000000e+00
7 18  1.6666666666666669e-01
7 19  0.0000000000000000e+00
7 20  0.0000000000000000e+00
7 21  -8.3333333333333343e-02
7 25  0.0000000000000000e+00
7 26  0.0000000000000000e+00
7 27  8.3333333333333343e-02
7 28  0.0000000000000000e+00
8 1  0.0000000000000000e+00
8 2  0.0000000000000000e+00
8 3  -8.3333333333333343e-02
8 4  0.0000000000000000e+00
8 5  0.0000000000000000e+00
8 6  -1.6666666666666669e-01
8 7  0.0000000000000000e+00
8 8  3.9999999999999996e+00
8 9  0.0000000000000000e+00
8 10  0.0000000000000000e+00
8 11  0.0000000000000000e+00
8 12  8.3333333333333343e-02
8 16  0.0000000000000000e+00
8 17  -9.9999999999999989e-01
8 18  -8.3333333333333343e-02
8 19  0.0000000000000000e+00
8 20  0.0000000000000000e+00
8 21  1.6666666666666669e-01
8 25  0.0000000000000000e+00
8 26  0.0000000000000000e+00
8 27  8.3333333333333343e-02
8 28  0.0000000000000000e+00
9 1  0.0000000000000000e+00
9 2  0.0000000000000000e+00
9 3  0.0000000000000000e+00
9 4  0.0000000000000000e+00
9 5  0.0000000000000000e+00
9 6  8.1380208333333339e-03
9 7  0.0000000000000000e+00
9 8  0.0000000000000000e+00
9 9  -3.2552083333333336e-02
9 10  0.0000000000000000e+00
9 11  0.0000000000000000e+00
9 12  8.1380208333333339e-03
9 16  -1.6666666666666669e-01
9 17  8.3333333333333343e-02
9 18  8.1380208333333339e-03
9 19  0.0000000000000000e+00
9 20  0.0000000000000000e+00
9 21  8.1380208333333339e-03
9 25  0.0000000000000000e+00
9 26  0.0000000000000000e+00
9 27  0.0000000000000000e+00
9 28  0.0000000000000000e+00
10 1  0.0000000000000000e+00
10 2  0.0000000000000000e+00
10 3  0.0000000000000000e+00
10 7  0.0000000000000000e+00
10 8  0.0000000000000000e+00
10 9  0.0000000000000000e+00
10 10  3.0000000000000000e+00
10 11  0.0000000000000000e+00
10 12  0.0000000000000000e+00
10 19  0.0000000000000000e+00
10 20  0.0000000000000000e+00
10 21  0.0000000000000000e+00
10 22  0.0000000000000000e+00
10 23  0.0000000000000000e+00
10 24  0.0000000000000000e+00
11 1  0.0000000000000000e+00
11 2  0.0000000000000000e+00
11 3  0.0000000000000000e+00
11 7  0.0000000000000000e+00
11 8  0.0000000000000000e+00
11 9  0.0000000000000000e+00
11 10  0.0000000000000000e+00
11 11  3.0000000000000000e+00
11 12  0.0000000000000000e+00
11 19  0.0000000000000000e+00
11 20  0.0000000000000000e+00
11 21  0.0000000000000000e+00
11 22  0.0000000000000000e+00
11 23  0.0000000000000000e+00
11 24  0.0000000000000000e+00
12 1  0.0000000000000000e+00
12 2  0.0000000000000000e+00
12 3  4.0690104166666670e-03
12 7  -1.6666666666666669e-01
12 8  8.3333333333333343e-02
12 9  8.1380208333333339e-03
12 10  0.0000000000000000e+00
12 11  0.0000000000000000e+00
12 12  -1.6276041666666668e-02
12 19  0.0000000000000000e+00
12 20  0.0000000000000000e+00
12 21  0.0000000000000000e+00
12 22  0.0000000000000000e+00
12 23  0.0000000000000000e+00
12 24  4.0690104166666670e-03
13 4  0.0000000000000000e+00
13 5  0.0000000000000000e+00
13 6  0.0000000000000000e+00
13 13  1.0000000000000000e+00
13 14  0.0000000000000000e+00
13 15  0.0000000000000000e+00
13 16  0.0000000000000000e+00
13 17  0.0000000000000000e+00
13 18  0.0000000000000000e+00
14 4  0.0000000000000000e+00
14 5  0.0000000000000000e+00
14 6  0.0000000000000000e+00
14 13  0.0000000000000000e+00
14 14  1.0000000000000000e+00
14 15  0.0000000000000000e+00
14 16  0.0000000000000000e+00
14 17  0.0000000000000000e+00
14 18  0.0000000000000000e+00
15 4  0.0000000000000000e+00
15 5  0.0000000000000000e+00
15 6  4.0690104166666670e-03
15 13  0.0000000000000000e+00
15 14  0.0000000000000000e+00
15 15  -8.1380208333333339e-03
15 16  0.0000000000000000e+00
15 17  -8.3333333333333343e-02
15 18  4.0690104166666670e-03
15 28  0.0000000000000000e+00
16 4  0.0000000000000000e+00
16 5  0.0000000000000000e+00
16 6  -8.3333333333333343e-02
16 7  -9.9999999999999989e-01
16 8  0.0000000000000000e+00
16 9  -1.6666666666666669e-01
16 13  0.0000000000000000e+00
16 14  0.0000000000000000e+00
16 15  0.0000000000000000e+00
16 16  1.9999999999999998e+00
16 17  0.0000000000000000e+00
16 18  -1.6666666666666669e-01
16 25  0.0000000000000000e+00
16 26  0.0000000000000000e+00
16 27  -8.3333333333333343e-02
16 28  5.0000000000000000e-01
17 4  0.0000000000000000e+00
17 5  0.0000000000000000e+00
17 6  -8.3333333333333343e-02
17 7  0.0000000000000000e+00
17 8  -9.9999999999999989e-01
17 9  8.3333333333333343e-02
17 13  0.0000000000000000e+00
17 14  0.0000000000000000e+00
17 15  -8.3333333333333343e-02
17 16  0.0000000000000000e+00
17 17  1.9999999999999998e+00
17 18  0.0000000000000000e+00
17 25  0.0000000000000000e+00
17 26  0.0000000000000000e+00
17 27  8.3333333333333343e-02
17 28  0.0000000000000000e+00
18 4  0.0000000000000000e+00
18 5  0.0000000000000000e+00
18 6  0.0000000000000000e+00
18 7  1.6666666666666669e-01
18 8  -8.3333333333333343e-02
18 9  8.1380208333333339e-03
18 13  0.0000000000000000e+00
18 14  0.0000000000000000e+00
18 15  4.0690104166666670e-03
18 16  -1.6666666666666669e-01
18 17  0.0000000000000000e+00
18 18  -1.6276041666666668e-02
18 25  0.0000000000000000e+00
18 26  0.0000000000000000e+00
18 27  4.0690104166666670e-03
18 28  0.0000000000000000e+00
19 7  0.0000000000000000e+00
19 8  0.0000000000000000e+00
