exp_point2 = [1	0.2	-0.214533	0.214533	2.66227	1.0411	0.214533	0.172768	4
2	0.4	-0.347121	0.347121	1.25051	0.213015	0.347121	0.279545	4
3	0.6	-0.347121	0.347121	0.423693	0.300708	0.347121	0.279545	3
4	0.8	-0.214533	0.214533	-0.562166	0.272297	0.214533	0.172768	4
5	1	-4.45196e-17	7.02563e-17	-1.3598	0.141327	7.02563e-17	5.65791e-17	4
6	1.2	0.214533	-0.214533	-1.67881	-0.0416999	-0.214533	-0.172768	4
7	1.4	0.347121	-0.347121	-1.37186	-0.208524	-0.347121	-0.279545	4
8	1.6	0.347121	-0.347121	-0.52647	-0.2968	-0.347121	-0.279545	3
9	1.8	0.214533	-0.214533	0.526723	-0.272106	-0.214533	-0.172768	4
10	2	4.13474e-16	-3.92048e-16	1.355	-0.141705	-3.92048e-16	-3.15725e-16	4
11	2.2	-0.214533	0.214533	1.62726	0.0452201	0.214533	0.172768	4
12	2.4	-0.347121	0.347121	1.26252	0.215459	0.347121	0.279545	4
13	2.6	-0.347121	0.347121	0.429052	0.302169	0.347121	0.279545	3
14	2.8	-0.214533	0.214533	-0.559572	0.273182	0.214533	0.172768	4
15	3	5.14426e-16	-5.1608e-16	-1.35754	0.14192	-5.1608e-16	-4.15612e-16	4
16	3.2	0.214533	-0.214533	-1.67585	-0.0412588	-0.214533	-0.172768	4
17	3.4	0.347121	-0.347121	-1.36819	-0.208238	-0.347121	-0.279545	4
18	3.6	0.347121	-0.347121	-0.522809	-0.296672	-0.347121	-0.279545	3
19	3.8	0.214533	-0.214533	0.529768	-0.272055	-0.214533	-0.172768	4
20	4	-1.11799e-15	1.11196e-15	1.35722	-0.141657	1.11196e-15	8.95486e-16	4
21	4.2	-0.214533	0.214533	1.62865	0.0452874	0.214533	0.172768	4
22	4.4	-0.347121	0.347121	1.26324	0.215532	0.347121	0.279545	4
23	4.6	-0.347121	0.347121	0.429368	0.302226	0.347121	0.279545	3
24	4.8	-0.214533	0.214533	-0.559419	0.273222	0.214533	0.172768	4
25	5	1.72172e-15	-1.72778e-15	-1.3574	0.14195	-1.72778e-15	-1.39143e-15	4
26	5.2	0.214533	-0.214533	-1.67565	-0.0412366	-0.214533	-0.172768	4
27	5.4	0.347121	-0.347121	-1.36792	-0.208226	-0.347121	-0.279545	4
28	5.6	0.347121	-0.347121	-0.522526	-0.296671	-0.347121	-0.279545	3
29	5.8	0.214533	-0.214533	0.53001	-0.272059	-0.214533	-0.172768	4
30	6	2.6809e-16	-2.28983e-16	1.3574	-0.141661	-2.28983e-16	-1.84406e-16	4];

exp_point1 = [1	0.1	-0.112786	0.112786	2.68613	1.03511	0.112786	0.0908297	4
2	0.2	-0.214533	0.214533	1.6212	0.131315	0.214533	0.172768	3
3	0.3	-0.295279	0.295279	1.44214	0.213977	0.295279	0.237795	3
4	0.4	-0.347121	0.347121	1.11878	0.274895	0.347121	0.279545	3
5	0.5	-0.364985	0.364985	0.686741	0.308123	0.364985	0.293931	3
6	0.6	-0.347121	0.347121	0.190026	0.310547	0.347121	0.279545	3
7	0.7	-0.295279	0.295279	-0.324124	0.282235	0.295279	0.237795	3
8	0.8	-0.214533	0.214533	-0.809081	0.226361	0.214533	0.172768	3
9	0.9	-0.112786	0.112786	-1.22191	0.148751	0.112786	0.0908297	4
10	1	-2.06588e-16	2.27682e-16	-1.52575	0.0571679	2.27682e-16	1.83358e-16	4
11	1.1	0.112786	-0.112786	-1.69188	-0.0394916	-0.112786	-0.0908297	3
12	1.2	0.214533	-0.214533	-1.70181	-0.132003	-0.214533	-0.172768	3
13	1.3	0.295279	-0.295279	-1.54966	-0.211576	-0.295279	-0.237795	3
14	1.4	0.347121	-0.347121	-1.24468	-0.270612	-0.347121	-0.279545	3
15	1.5	0.364985	-0.364985	-0.812774	-0.303424	-0.364985	-0.293931	3
16	1.6	0.347121	-0.347121	-0.295702	-0.306794	-0.347121	-0.279545	3
17	1.7	0.295279	-0.295279	0.253106	-0.280248	-0.295279	-0.237795	3
18	1.8	0.214533	-0.214533	0.775265	-0.226105	-0.214533	-0.172768	3
19	1.9	0.112786	-0.112786	1.2149	-0.149362	-0.112786	-0.0908297	4
20	2	-5.59059e-16	5.61617e-16	1.52552	-0.057348	5.61617e-16	4.52283e-16	4
21	2.1	-0.112786	0.112786	1.67575	0.0409166	0.112786	0.0908297	4
22	2.2	-0.214533	0.214533	1.65307	0.135613	0.214533	0.172768	3
23	2.3	-0.295279	0.295279	1.46441	0.217168	0.295279	0.237795	3
24	2.4	-0.347121	0.347121	1.13343	0.277305	0.347121	0.279545	3
25	2.5	-0.364985	0.364985	0.696047	0.309964	0.364985	0.293931	3
26	2.6	-0.347121	0.347121	0.195768	0.311965	0.347121	0.279545	3
27	2.7	-0.295279	0.295279	-0.320609	0.283335	0.295279	0.237795	3
28	2.8	-0.214533	0.214533	-0.806796	0.227227	0.214533	0.172768	3
29	2.9	-0.112786	0.112786	-1.22013	0.149452	0.112786	0.0908297	4
30	3	1.16279e-15	-1.13277e-15	-1.52399	0.0577608	-1.13277e-15	-9.1225e-16	4
31	3.1	0.112786	-0.112786	-1.68984	-0.0389711	-0.112786	-0.0908297	3
32	3.2	0.214533	-0.214533	-1.69933	-0.131542	-0.214533	-0.172768	3
33	3.3	0.295279	-0.295279	-1.54672	-0.21118	-0.295279	-0.237795	3
34	3.4	0.347121	-0.347121	-1.24136	-0.270295	-0.347121	-0.279545	3
35	3.5	0.364985	-0.364985	-0.809265	-0.303198	-0.364985	-0.293931	3
36	3.6	0.347121	-0.347121	-0.292207	-0.306653	-0.347121	-0.279545	3
37	3.7	0.295279	-0.295279	0.256405	-0.280171	-0.295279	-0.237795	3
38	3.8	0.214533	-0.214533	0.778249	-0.226063	-0.214533	-0.172768	3
39	3.9	0.112786	-0.112786	1.21751	-0.149332	-0.112786	-0.0908297	4
40	4	-1.76635e-15	1.77809e-15	1.52773	-0.0573143	1.77809e-15	1.43194e-15	4
41	4.1	-0.112786	0.112786	1.67756	0.0409626	0.112786	0.0908297	4
42	4.2	-0.214533	0.214533	1.65449	0.135673	0.214533	0.172768	3
43	4.3	-0.295279	0.295279	1.46547	0.217238	0.295279	0.237795	3
44	4.4	-0.347121	0.347121	1.13418	0.277379	0.347121	0.279545	3
45	4.5	-0.364985	0.364985	0.696549	0.310034	0.364985	0.293931	3
46	4.6	-0.347121	0.347121	0.196086	0.312027	0.347121	0.279545	3
47	4.7	-0.295279	0.295279	-0.320414	0.283386	0.295279	0.237795	3
48	4.8	-0.214533	0.214533	-0.80667	0.227269	0.214533	0.172768	3
49	4.9	-0.112786	0.112786	-1.22003	0.149487	0.112786	0.0908297	4
50	5	-2.16832e-15	2.18662e-15	-1.5239	0.0577915	2.18662e-15	1.76094e-15	4
51	5.1	0.112786	-0.112786	-1.68972	-0.0389435	-0.112786	-0.0908297	3
52	5.2	0.214533	-0.214533	-1.69918	-0.131517	-0.214533	-0.172768	3
53	5.3	0.295279	-0.295279	-1.54654	-0.211159	-0.295279	-0.237795	3
54	5.4	0.347121	-0.347121	-1.24116	-0.27028	-0.347121	-0.279545	3
55	5.5	0.364985	-0.364985	-0.809041	-0.303189	-0.364985	-0.293931	3
56	5.6	0.347121	-0.347121	-0.29198	-0.30665	-0.347121	-0.279545	3
57	5.7	0.295279	-0.295279	0.256624	-0.280171	-0.295279	-0.237795	3
58	5.8	0.214533	-0.214533	0.77845	-0.226066	-0.214533	-0.172768	3
59	5.9	0.112786	-0.112786	1.21769	-0.149335	-0.112786	-0.0908297	4
60	6	6.7515e-15	-6.68693e-15	1.52788	-0.0573164	-6.68693e-15	-5.38514e-15	4];

